500

ITN.           PE                KE                  TE                    TEMP
[0.]     [295.08181067]   [1544026.25450544]   [1544321.33631611]   [1029350.83633696]
[1.]     [291.82178939]   [1810700.15155357]   [1810991.97334297]   [1207133.43436905]
[2.]     [285.9564331]   [469877.85906942]   [470163.81550252]   [313251.90604628]
[3.]     [277.84044421]   [295161.13041827]   [295438.97086248]   [196774.08694551]
[4.]     [267.84123433]   [120754.49312403]   [121022.33435836]   [80502.99541602]
[5.]     [256.32970334]   [26880.92134711]   [27137.25105045]   [17920.6142314]
[6.]     [243.70415064]   [65.13894698]   [308.84309762]   [43.42596465]
[7.]     [230.41229718]   [78.40564468]   [308.81794185]   [52.27042978]
[8.]     [216.9420754]   [91.8499081]   [308.7919835]   [61.23327207]
[9.]     [203.7880516]   [104.97753006]   [308.76558166]   [69.98502004]
[10.]     [191.43480652]   [117.29948426]   [308.73429078]   [78.19965617]
[11.]     [180.40480012]   [128.28080703]   [308.68560715]   [85.52053802]
[12.]     [171.40768758]   [137.18965452]   [308.5973421]   [91.45976968]
[13.]     [165.58417693]   [142.86398766]   [308.44816459]   [95.24265844]
[14.]     [164.6061615]   [143.67636041]   [308.28252191]   [95.78424027]
[15.]     [169.63721189]   [138.69732865]   [308.33454054]   [92.46488577]
[16.]     [177.97801688]   [130.8310182]   [308.80903508]   [87.2206788]
[17.]     [181.45933208]   [127.72188632]   [309.18121841]   [85.14792421]
[18.]     [174.33409986]   [134.57343035]   [308.90753021]   [89.71562023]
[19.]     [160.36861294]   [148.11460533]   [308.48321827]   [98.74307022]
[20.]     [146.60819151]   [161.72203363]   [308.33022514]   [107.81468909]
[21.]     [136.75179426]   [171.60199245]   [308.35378671]   [114.4013283]
[22.]     [131.52021197]   [176.88884845]   [308.40906042]   [117.92589896]
[23.]     [130.56226206]   [177.93161484]   [308.49387691]   [118.62107656]
[24.]     [132.76952705]   [175.85112926]   [308.62065631]   [117.23408617]
[25.]     [136.27106685]   [172.4770503]   [308.74811715]   [114.9847002]
[26.]     [139.05969624]   [169.77535541]   [308.83505165]   [113.18357027]
[27.]     [139.64341115]   [169.23027554]   [308.87368669]   [112.82018369]
[28.]     [137.30956965]   [171.53567204]   [308.84524169]   [114.35711469]
[29.]     [132.42836965]   [176.32303442]   [308.75140407]   [117.54868961]
[30.]     [126.27633412]   [182.42731439]   [308.70364851]   [121.61820959]
[31.]     [119.64113616]   [189.06464642]   [308.70578257]   [126.04309761]
[32.]     [112.83784913]   [195.82145025]   [308.65929938]   [130.5476335]
[33.]     [106.78477975]   [201.83816986]   [308.62294961]   [134.55877991]
[34.]     [102.37232955]   [206.22907944]   [308.60140899]   [137.48605296]
[35.]     [100.11062716]   [208.50205518]   [308.61268234]   [139.00137012]
[36.]     [99.86624644]   [208.79551979]   [308.66176623]   [139.19701319]
[37.]     [100.80692597]   [207.91812958]   [308.72505555]   [138.61208639]
[38.]     [101.79496683]   [26866.41696045]   [26968.21192728]   [17910.9446403]
[39.]     [101.88586624]   [40143.08114621]   [40244.96701246]   [26762.05409748]
[40.]     [100.72240438]   [40032.02991162]   [40132.75231601]   [26688.01994108]
[41.]     [99.06439267]   [66594.8606784]   [66693.92507107]   [44396.5737856]
[42.]     [97.9413687]   [93201.34890591]   [93299.29027461]   [62134.23260394]
[43.]     [97.06141194]   [119829.49399042]   [119926.55540236]   [79886.32932695]
[44.]     [95.25674572]   [146355.23161995]   [146450.48836567]   [97570.1544133]
[45.]     [93.12788568]   [146263.8776493]   [146357.00553498]   [97509.2517662]
[46.]     [91.61028233]   [93242.86395735]   [93334.47423969]   [62161.9093049]
[47.]     [91.02112841]   [80000.58874993]   [80091.60987835]   [53333.72583329]
[48.]     [92.46826715]   [159699.597623]   [159792.06589015]   [106466.39841534]
[49.]     [97.18526199]   [133207.84912796]   [133305.03438994]   [88805.23275197]
[50.]     [104.68134179]   [26846.01101416]   [26950.69235595]   [17897.3406761]
[51.]     [113.40371349]   [13574.69612747]   [13688.09984096]   [9049.79741832]
[52.]     [121.42821568]   [40256.723981]   [40378.15219669]   [26837.81598734]
[53.]     [126.95661132]   [26884.15756785]   [27011.11417917]   [17922.7717119]
[54.]     [128.7697754]   [53600.62091157]   [53729.39068697]   [35733.74727438]
[55.]     [127.04895061]   [93679.8439004]   [93806.89285101]   [62453.22926693]
[56.]     [124.42622953]   [40277.85630013]   [40402.28252966]   [26851.90420008]
[57.]     [122.94822513]   [26847.67164266]   [26970.61986779]   [17898.44776178]
[58.]     [123.722017]   [53561.7618139]   [53685.4838309]   [35707.84120927]
[59.]     [124.93015707]   [53639.48936433]   [53764.4195214]   [35759.65957622]
[60.]     [124.95325142]   [67025.20526071]   [67150.15851213]   [44683.47017381]
[61.]     [126.72966393]   [67065.6363279]   [67192.36599182]   [44710.4242186]
[62.]     [130.71646653]   [40315.27929129]   [40445.99575782]   [26876.85286086]
[63.]     [133.28355537]   [26911.39227612]   [27044.67583149]   [17940.92818408]
[64.]     [133.34742276]   [26990.71732676]   [27124.06474952]   [17993.81155117]
[65.]     [133.42881012]   [13581.79042847]   [13715.21923859]   [9054.52695231]
[66.]     [134.91609915]   [13591.59561516]   [13726.51171431]   [9061.06374344]
[67.]     [137.60855291]   [40265.43841483]   [40403.04696773]   [26843.62560988]
[68.]     [140.64965303]   [40155.24369972]   [40295.89335275]   [26770.16246648]
[69.]     [143.24288677]   [13491.59092424]   [13634.83381101]   [8994.3939495]
[70.]     [143.8804757]   [13490.80785614]   [13634.68833185]   [8993.87190409]
[71.]     [143.13420252]   [13478.92406781]   [13622.05827033]   [8985.94937854]
[72.]     [142.56167569]   [165.89152348]   [308.45319917]   [110.59434898]
[73.]     [142.19189138]   [13446.16321262]   [13588.355104]   [8964.10880841]
[74.]     [142.40446148]   [53471.24736536]   [53613.65182684]   [35647.49824357]
[75.]     [144.08048505]   [53512.18695604]   [53656.26744109]   [35674.79130402]
[76.]     [145.32682089]   [53545.29134636]   [53690.61816725]   [35696.86089758]
[77.]     [144.89900731]   [53567.91495877]   [53712.81396607]   [35711.94330584]
[78.]     [144.8320471]   [66905.96213881]   [67050.79418591]   [44603.9747592]
[79.]     [145.12632516]   [53634.45514717]   [53779.58147234]   [35756.30343145]
[80.]     [145.52387856]   [13517.88236055]   [13663.40623911]   [9011.9215737]
[81.]     [145.92937045]   [26888.63977723]   [27034.56914768]   [17925.75985149]
[82.]     [146.44721974]   [26729.63412955]   [26876.08134929]   [17819.75608637]
[83.]     [145.32427986]   [40035.60864682]   [40180.93292668]   [26690.40576455]
[84.]     [142.63578015]   [53489.6640567]   [53632.29983686]   [35659.7760378]
[85.]     [140.83369033]   [66844.63107084]   [66985.46476117]   [44563.08738056]
[86.]     [141.13238515]   [66986.62712766]   [67127.7595128]   [44657.75141844]
[87.]     [143.38490932]   [26904.06265512]   [27047.44756444]   [17936.04177008]
[88.]     [146.35133766]   [40298.52504655]   [40444.87638421]   [26865.68336437]
[89.]     [147.84498502]   [66896.42888207]   [67044.27386709]   [44597.61925471]
[90.]     [147.00162992]   [26719.05403509]   [26866.05566501]   [17812.70269006]
[91.]     [144.70333629]   [26970.51772546]   [27115.22106175]   [17980.34515031]
[92.]     [142.021697]   [53466.08852466]   [53608.11022166]   [35644.05901644]
[93.]     [140.36278578]   [26632.71151145]   [26773.07429724]   [17755.14100763]
[94.]     [139.84502848]   [168.6759941]   [308.52102258]   [112.45066273]
[95.]     [139.78564587]   [53538.36656637]   [53678.15221224]   [35692.24437758]
[96.]     [139.14622978]   [66918.18227776]   [67057.32850755]   [44612.12151851]
[97.]     [137.15333113]   [40266.31049394]   [40403.46382507]   [26844.20699596]
[98.]     [134.84128617]   [40284.97394228]   [40419.81522846]   [26856.64929486]
[99.]     [133.93660139]   [13486.7380861]   [13620.67468749]   [8991.15872407]
[100.]     [134.63836393]   [40362.35205307]   [40496.990417]   [26908.23470205]
[101.]     [135.36621002]   [53691.52193903]   [53826.88814906]   [35794.34795936]
[102.]     [134.5946452]   [13505.49037988]   [13640.08502508]   [9003.66025325]
[103.]     [132.23436014]   [13539.79482982]   [13672.02918996]   [9026.52988655]
[104.]     [129.31928442]   [40340.23784913]   [40469.55713356]   [26893.49189942]
[105.]     [127.08716265]   [40332.02910138]   [40459.11626403]   [26888.01940092]
[106.]     [126.24467268]   [26980.96194442]   [27107.2066171]   [17987.30796295]
[107.]     [126.96743304]   [40272.7432819]   [40399.71071495]   [26848.49552127]
[108.]     [129.02916598]   [40220.26881493]   [40349.29798091]   [26813.51254329]
[109.]     [130.7610601]   [40299.19559319]   [40429.95665329]   [26866.13039546]
[110.]     [130.85549869]   [67014.61644809]   [67145.47194678]   [44676.41096539]
[111.]     [129.74073578]   [80289.17622017]   [80418.91695595]   [53526.11748011]
[112.]     [128.18023312]   [93628.89751598]   [93757.0777491]   [62419.26501065]
[113.]     [126.79687634]   [106990.70064709]   [107117.49752343]   [71327.13376473]
[114.]     [126.13393461]   [53643.71399133]   [53769.84792594]   [35762.47599422]
[115.]     [126.35374332]   [40437.6473921]   [40564.00113542]   [26958.43159474]
[116.]     [127.3213158]   [53700.67952061]   [53828.0008364]   [35800.45301374]
[117.]     [128.48804473]   [26766.49416962]   [26894.98221435]   [17844.32944641]
[118.]     [129.12609362]   [26803.33901981]   [26932.46511343]   [17868.89267988]
[119.]     [129.01753926]   [40317.96054028]   [40446.97807954]   [26878.64036019]
[120.]     [128.72693588]   [26953.61715582]   [27082.34409171]   [17969.07810388]
[121.]     [129.61958463]   [178.89364289]   [308.51322752]   [119.26242859]
[122.]     [131.4344019]   [13524.77701154]   [13656.21141344]   [9016.5180077]
[123.]     [133.09199444]   [26857.51717131]   [26990.60916574]   [17905.01144754]
[124.]     [134.03684087]   [13516.63819421]   [13650.67503508]   [9011.09212948]
[125.]     [134.05687753]   [13494.033705]   [13628.09058253]   [8996.02247]
[126.]     [133.47626884]   [53490.30155583]   [53623.77782468]   [35660.20103722]
[127.]     [133.7925692]   [80140.45690455]   [80274.24947374]   [53426.9712697]
[128.]     [134.40686584]   [93398.59326029]   [93533.00012613]   [62265.72884019]
[129.]     [134.67947212]   [120440.81397694]   [120575.49344905]   [80293.87598463]
[130.]     [134.25557925]   [67241.05237009]   [67375.30794934]   [44827.36824673]
[131.]     [133.11679894]   [40061.91987739]   [40195.03667633]   [26707.94658493]
[132.]     [132.41361924]   [53504.83720798]   [53637.25082722]   [35669.89147199]
[133.]     [132.00123489]   [13607.59929642]   [13739.60053131]   [9071.73286428]
[134.]     [131.81657767]   [13559.09807858]   [13690.91465625]   [9039.39871905]
[135.]     [133.02778975]   [40177.38204156]   [40310.40983131]   [26784.92136104]
[136.]     [135.06933471]   [53479.84121516]   [53614.91054987]   [35653.22747678]
[137.]     [135.99186438]   [40096.02970045]   [40232.02156483]   [26730.68646697]
[138.]     [135.58712658]   [39916.98638358]   [40052.57351016]   [26611.32425572]
[139.]     [134.9056072]   [53363.33041644]   [53498.23602363]   [35575.55361096]
[140.]     [134.6226548]   [40082.96019891]   [40217.58285371]   [26721.97346594]
[141.]     [135.00779352]   [13385.43143852]   [13520.43923204]   [8923.62095901]
[142.]     [136.56309206]   [13535.3119445]   [13671.87503656]   [9023.54129633]
[143.]     [138.98203565]   [13515.91785783]   [13654.89989348]   [9010.61190522]
[144.]     [141.16678016]   [13549.0530743]   [13690.21985446]   [9032.70204953]
[145.]     [142.28418543]   [40272.09235657]   [40414.37654199]   [26848.06157105]
[146.]     [142.10689792]   [40212.7849377]   [40354.89183562]   [26808.5232918]
[147.]     [141.04343463]   [26922.26305418]   [27063.30648881]   [17948.17536945]
[148.]     [139.65116484]   [40289.32964145]   [40428.98080629]   [26859.5530943]
[149.]     [138.22730776]   [40248.55327122]   [40386.78057899]   [26832.36884748]
[150.]     [137.05007979]   [13570.34916508]   [13707.39924487]   [9046.89944339]
[151.]     [135.88060084]   [172.70334044]   [308.58394128]   [115.1355603]
[152.]     [134.64377533]   [173.85832827]   [308.5021036]   [115.90555218]
[153.]     [134.40587077]   [174.08725319]   [308.49312397]   [116.0581688]
[154.]     [135.37229412]   [26864.95821586]   [27000.33050998]   [17909.97214391]
[155.]     [136.8094073]   [80135.6218]   [80272.43120729]   [53423.74786666]
[156.]     [138.55019125]   [53442.86784243]   [53581.41803368]   [35628.57856162]
[157.]     [140.41015473]   [168.20631756]   [308.61647229]   [112.13754504]
[158.]     [141.38302188]   [13482.11346943]   [13623.49649131]   [8988.07564629]
[159.]     [141.12142989]   [53457.00091767]   [53598.12234756]   [35638.00061178]
[160.]     [140.93383174]   [40182.51806975]   [40323.4519015]   [26788.34537984]
[161.]     [141.28375591]   [53676.03110225]   [53817.31485816]   [35784.02073483]
[162.]     [141.46544666]   [53661.70982029]   [53803.17526695]   [35774.47321353]
[163.]     [141.0864162]   [167.51273185]   [308.59914805]   [111.67515457]
[164.]     [140.22978281]   [168.3472432]   [308.57702602]   [112.23149547]
[165.]     [139.29478562]   [26952.74733522]   [27092.04212083]   [17968.49822348]
[166.]     [138.74388763]   [26943.94967506]   [27082.69356269]   [17962.63311671]
[167.]     [138.49514433]   [13457.61095102]   [13596.10609535]   [8971.74063401]
[168.]     [138.19825569]   [53326.51735186]   [53464.71560755]   [35551.01156791]
[169.]     [137.88712659]   [66675.91657418]   [66813.80370077]   [44450.61104945]
[170.]     [137.587121]   [26798.77107945]   [26936.35820044]   [17865.8473863]
[171.]     [137.20678132]   [26898.54954694]   [27035.75632826]   [17932.36636463]
[172.]     [136.48386347]   [26895.72895411]   [27032.21281759]   [17930.48596941]
[173.]     [135.11425205]   [173.48610005]   [308.60035209]   [115.65740003]
[174.]     [133.31391429]   [175.27943951]   [308.5933538]   [116.85295967]
[175.]     [131.24380802]   [40236.89324965]   [40368.13705767]   [26824.59549977]
[176.]     [128.61443108]   [40241.64233019]   [40370.25676127]   [26827.76155346]
[177.]     [126.15707669]   [13453.58025945]   [13579.73733613]   [8969.0535063]
[178.]     [125.3018233]   [53437.14260137]   [53562.44442467]   [35624.76173424]
[179.]     [126.32428487]   [53488.47585595]   [53614.80014081]   [35658.98390396]
[180.]     [128.56713209]   [53462.36151098]   [53590.92864307]   [35641.57434065]
[181.]     [131.45658269]   [66848.80090771]   [66980.2574904]   [44565.86727181]
[182.]     [134.14243913]   [26879.45974471]   [27013.60218383]   [17919.6398298]
[183.]     [135.42540867]   [26801.75084973]   [26937.17625841]   [17867.83389982]
[184.]     [135.50292436]   [26806.07557056]   [26941.57849492]   [17870.71704704]
[185.]     [135.20940082]   [40045.29468508]   [40180.5040859]   [26696.86312339]
[186.]     [134.58390646]   [53413.7502989]   [53548.33420535]   [35609.16686593]
[187.]     [133.69882323]   [13552.35614276]   [13686.05496599]   [9034.90409517]
[188.]     [132.54159609]   [26682.33320719]   [26814.87480328]   [17788.22213813]
[189.]     [131.07568343]   [40030.81668588]   [40161.89236931]   [26687.21112392]
[190.]     [129.74128998]   [40143.2634077]   [40273.00469769]   [26762.17560514]
[191.]     [128.93666031]   [26792.73919972]   [26921.67586003]   [17861.82613315]
[192.]     [128.9012837]   [26825.50206857]   [26954.40335227]   [17883.66804571]
[193.]     [129.75359275]   [40207.53130128]   [40337.28489403]   [26805.02086752]
[194.]     [131.29666204]   [26917.30954112]   [27048.60620316]   [17944.87302741]
[195.]     [133.02414438]   [53475.01138053]   [53608.03552491]   [35650.00758702]
[196.]     [133.83361403]   [40115.89716688]   [40249.73078091]   [26743.93144458]
[197.]     [134.0888561]   [13419.62497452]   [13553.71383062]   [8946.41664968]
[198.]     [134.26970574]   [26836.38553338]   [26970.65523912]   [17890.92368892]
[199.]     [134.08039325]   [40243.7336444]   [40377.81403764]   [26829.15576293]
[200.]     [134.65531535]   [53571.34124844]   [53705.99656379]   [35714.22749896]
[201.]     [135.44833935]   [40213.1673229]   [40348.61566225]   [26808.77821527]
[202.]     [135.43551067]   [26778.35249163]   [26913.7880023]   [17852.23499442]
[203.]     [134.52437632]   [80180.60382574]   [80315.12820206]   [53453.73588382]
[204.]     [133.20145059]   [80075.46278321]   [80208.66423379]   [53383.64185547]
[205.]     [132.34260784]   [53300.74717222]   [53433.08978006]   [35533.83144815]
[206.]     [132.50490572]   [66789.9817233]   [66922.48662902]   [44526.6544822]
[207.]     [133.01979139]   [53602.21615635]   [53735.23594773]   [35734.8107709]
[208.]     [132.64573879]   [53519.30575432]   [53651.95149311]   [35679.53716955]
[209.]     [132.07005304]   [40202.74699993]   [40334.81705298]   [26801.83133329]
[210.]     [133.03459903]   [26978.32751043]   [27111.36210946]   [17985.55167362]
[211.]     [134.97178854]   [26963.13717968]   [27098.10896822]   [17975.42478645]
[212.]     [136.02993389]   [26932.43277251]   [27068.4627064]   [17954.95518167]
[213.]     [136.04908203]   [93429.67539757]   [93565.7244796]   [62286.45026505]
[214.]     [136.20401558]   [93536.94932535]   [93673.15334093]   [62357.9662169]
[215.]     [136.80534587]   [53661.53001838]   [53798.33536424]   [35774.35334558]
[216.]     [137.32010746]   [40270.27912498]   [40407.59923245]   [26846.85274999]
[217.]     [137.68991201]   [40210.85040797]   [40348.54031998]   [26807.23360531]
[218.]     [138.24555681]   [53576.57264191]   [53714.81819872]   [35717.71509461]
[219.]     [138.7921644]   [53506.13601661]   [53644.92818101]   [35670.75734441]
[220.]     [138.85674654]   [80011.80225137]   [80150.65899791]   [53341.20150091]
[221.]     [138.34754903]   [40017.95299559]   [40156.30054462]   [26678.63533039]
[222.]     [137.63297333]   [40238.53630766]   [40376.169281]   [26825.69087178]
[223.]     [137.42762708]   [53518.24629253]   [53655.67391962]   [35678.83086169]
[224.]     [138.69265381]   [66902.48725142]   [67041.17990524]   [44601.65816762]
[225.]     [142.06636198]   [66912.70814223]   [67054.77450421]   [44608.47209482]
[226.]     [146.63481618]   [26810.26596211]   [26956.90077829]   [17873.51064141]
[227.]     [150.00516641]   [26855.07474823]   [27005.07991464]   [17903.38316549]
[228.]     [150.65587468]   [80446.38221305]   [80597.03808773]   [53630.92147536]
[229.]     [149.37750146]   [93862.77805954]   [94012.155561]   [62575.18537303]
[230.]     [147.22871432]   [40293.26923477]   [40440.4979491]   [26862.17948985]
[231.]     [144.20842435]   [26939.74918167]   [27083.95760603]   [17959.83278778]
[232.]     [139.88534222]   [66865.61782162]   [67005.50316384]   [44577.07854774]
[233.]     [136.07725796]   [53365.78045272]   [53501.85771069]   [35577.18696848]
[234.]     [134.39566039]   [26866.04637445]   [27000.44203484]   [17910.69758297]
[235.]     [134.2329208]   [26871.06888004]   [27005.30180084]   [17914.04592003]
[236.]     [134.14149417]   [174.5030711]   [308.64456526]   [116.33538073]
[237.]     [133.29287745]   [26983.32653188]   [27116.61940933]   [17988.88435458]
[238.]     [132.03919681]   [40308.6745141]   [40440.71371091]   [26872.44967606]
[239.]     [131.68444201]   [13510.16978696]   [13641.85422897]   [9006.77985798]
[240.]     [133.10538138]   [13503.49853069]   [13636.60391207]   [9002.33235379]
[241.]     [135.17903175]   [26913.20366368]   [27048.38269543]   [17942.13577579]
[242.]     [136.29706055]   [26925.38769087]   [27061.68475142]   [17950.25846058]
[243.]     [135.88914348]   [13535.30224102]   [13671.1913845]   [9023.53482734]
[244.]     [134.55914343]   [53412.27972113]   [53546.83886456]   [35608.18648075]
[245.]     [133.05314811]   [93418.00621928]   [93551.05936739]   [62278.67081285]
[246.]     [131.92300118]   [106919.75540072]   [107051.6784019]   [71279.83693382]
[247.]     [131.80768775]   [93461.77111594]   [93593.57880369]   [62307.84741063]
[248.]     [132.73636364]   [66801.13522333]   [66933.87158697]   [44534.09014888]
[249.]     [134.2298212]   [67009.31987806]   [67143.54969926]   [44672.87991871]
[250.]     [135.93802123]   [40267.60082577]   [40403.538847]   [26845.06721718]
[251.]     [137.64345916]   [26787.09569056]   [26924.73914972]   [17858.06379371]
[252.]     [139.14581329]   [53635.19253315]   [53774.33834644]   [35756.7950221]
[253.]     [140.290193]   [53769.39672515]   [53909.68691815]   [35846.26448343]
[254.]     [141.08881185]   [26969.0602001]   [27110.14901195]   [17979.37346673]
[255.]     [141.20693416]   [40385.62513615]   [40526.83207031]   [26923.75009077]
[256.]     [140.45491304]   [53627.84752249]   [53768.30243553]   [35751.89834832]
[257.]     [139.4839779]   [40196.85079734]   [40336.33477524]   [26797.90053156]
[258.]     [138.00458101]   [40359.44602655]   [40497.45060757]   [26906.29735104]
[259.]     [135.55685952]   [26981.61306015]   [27117.16991967]   [17987.7420401]
[260.]     [132.58063174]   [26664.74888673]   [26797.32951847]   [17776.49925782]
[261.]     [130.25683992]   [53167.93895506]   [53298.19579498]   [35445.29263671]
[262.]     [129.39566071]   [40069.68233698]   [40199.07799768]   [26713.12155798]
[263.]     [129.91407976]   [26872.16528085]   [27002.07936061]   [17914.7768539]
[264.]     [131.52031598]   [26909.4883471]   [27041.00866308]   [17939.65889807]
[265.]     [133.40880548]   [13567.12926345]   [13700.53806893]   [9044.7528423]
[266.]     [134.21875862]   [174.53759553]   [308.75635416]   [116.35839702]
[267.]     [132.34147918]   [40163.30724347]   [40295.64872265]   [26775.53816231]
[268.]     [130.08141091]   [53498.69867054]   [53628.78008145]   [35665.79911369]
[269.]     [129.36582955]   [66884.16395201]   [67013.52978156]   [44589.44263467]
[270.]     [129.5722104]   [80312.68329976]   [80442.25551016]   [53541.7888665]
[271.]     [130.70769046]   [53444.91990829]   [53575.62759875]   [35629.94660552]
[272.]     [132.44887582]   [39950.87386999]   [40083.3227458]   [26633.91591332]
[273.]     [133.81500836]   [53562.38714828]   [53696.20215664]   [35708.25809885]
[274.]     [134.12805827]   [53613.92568712]   [53748.05374539]   [35742.61712475]
[275.]     [133.65894376]   [40195.91429683]   [40329.57324059]   [26797.27619789]
[276.]     [133.70629175]   [66880.39290709]   [67014.09919884]   [44586.92860473]
[277.]     [135.17319123]   [53578.55140912]   [53713.72460034]   [35719.03427274]
[278.]     [137.22703294]   [26976.55098202]   [27113.77801496]   [17984.36732135]
[279.]     [138.48331564]   [40171.98823753]   [40310.47155317]   [26781.32549169]
[280.]     [139.32033788]   [40091.18562434]   [40230.50596222]   [26727.45708289]
[281.]     [140.6880475]   [26881.73014376]   [27022.41819126]   [17921.15342917]
[282.]     [142.47858139]   [53605.43408712]   [53747.9126685]   [35736.95605808]
[283.]     [143.8027372]   [53495.24302855]   [53639.04576576]   [35663.49535237]
[284.]     [144.09824335]   [40223.39716177]   [40367.49540511]   [26815.59810785]
[285.]     [143.13100864]   [93824.52681972]   [93967.65782837]   [62549.68454648]
[286.]     [140.98905031]   [120493.91758854]   [120634.90663884]   [80329.27839236]
[287.]     [138.9505233]   [67097.58084494]   [67236.53136824]   [44731.72056329]
[288.]     [138.10284381]   [13596.6105949]   [13734.71343872]   [9064.40706327]
[289.]     [138.6537812]   [27022.81645071]   [27161.47023191]   [18015.21096714]
[290.]     [139.78652112]   [53748.19145072]   [53887.97797184]   [35832.12763381]
[291.]     [140.25033498]   [66839.55668261]   [66979.80701759]   [44559.70445507]
[292.]     [139.53335561]   [120272.98057414]   [120412.51392975]   [80181.98704943]
[293.]     [137.25589095]   [106957.73315385]   [107094.9890448]   [71305.1554359]
[294.]     [134.05196004]   [40102.67885692]   [40236.73081696]   [26735.11923795]
[295.]     [131.68985823]   [53469.00671519]   [53600.69657342]   [35646.00447679]
[296.]     [130.91134836]   [53484.52325937]   [53615.43460773]   [35656.34883958]
[297.]     [131.97372888]   [26942.58039115]   [27074.55412003]   [17961.72026077]
[298.]     [134.58539986]   [26953.46232716]   [27088.04772702]   [17968.97488477]
[299.]     [137.74495356]   [40326.09084239]   [40463.83579595]   [26884.06056159]
[300.]     [140.74830765]   [80414.52546219]   [80555.27376985]   [53609.68364146]
[301.]     [142.94370077]   [107058.80340344]   [107201.74710421]   [71372.53560229]
[302.]     [143.17299272]   [133707.58607369]   [133850.75906641]   [89138.3907158]
[303.]     [140.91137476]   [93795.13392207]   [93936.04529683]   [62530.08928138]
[304.]     [138.09453532]   [40222.69612019]   [40360.79065551]   [26815.1307468]
[305.]     [137.29706879]   [26814.34472883]   [26951.64179762]   [17876.22981922]
[306.]     [138.25097432]   [40314.37652405]   [40452.62749837]   [26876.25101603]
[307.]     [139.10833907]   [53618.42759635]   [53757.53593542]   [35745.61839756]
[308.]     [138.93380553]   [53583.04052512]   [53721.97433065]   [35722.02701675]
[309.]     [138.23033624]   [80411.61439091]   [80549.84472716]   [53607.74292728]
[310.]     [137.43369021]   [67030.08985043]   [67167.52354064]   [44686.72656695]
[311.]     [136.13194471]   [66910.29038534]   [67046.42233005]   [44606.86025689]
[312.]     [134.63966641]   [40190.67890983]   [40325.31857623]   [26793.78593989]
[313.]     [133.73787521]   [26791.93317055]   [26925.67104576]   [17861.28878037]
[314.]     [133.74300688]   [66865.36135133]   [66999.10435821]   [44576.90756755]
[315.]     [134.59069321]   [120239.41635885]   [120374.00705205]   [80159.6109059]
[316.]     [135.72773563]   [106847.71342597]   [106983.44116159]   [71231.80895064]
[317.]     [136.78052706]   [26796.14069645]   [26932.92122351]   [17864.09379763]
[318.]     [138.02845149]   [26859.43984376]   [26997.46829525]   [17906.29322917]
[319.]     [139.27939868]   [53536.98798183]   [53676.2673805]   [35691.32532122]
[320.]     [139.94084575]   [80291.67641629]   [80431.61726204]   [53527.78427753]
[321.]     [139.79826615]   [93683.72991623]   [93823.52818238]   [62455.81994415]
[322.]     [138.87405367]   [93658.98522783]   [93797.8592815]   [62439.32348522]
[323.]     [137.52476401]   [66991.80181452]   [67129.32657853]   [44661.20120968]
[324.]     [135.95594044]   [53738.88703581]   [53874.84297625]   [35825.92469054]
[325.]     [134.04669498]   [53690.79529865]   [53824.84199363]   [35793.86353244]
[326.]     [132.3098336]   [53698.26756383]   [53830.57739742]   [35798.84504255]
[327.]     [131.41204162]   [93753.77374298]   [93885.1857846]   [62502.51582866]
[328.]     [131.55625697]   [53570.76898297]   [53702.32523994]   [35713.84598865]
[329.]     [133.1767875]   [40052.39209005]   [40185.56887755]   [26701.5947267]
[330.]     [136.33752119]   [66687.89125457]   [66824.22877577]   [44458.59416971]
[331.]     [139.78884437]   [40216.69125862]   [40356.48010299]   [26811.12750574]
[332.]     [141.61312618]   [40300.46925599]   [40442.08238217]   [26866.979504]
[333.]     [141.52182401]   [40286.81053345]   [40428.33235746]   [26857.87368896]
[334.]     [141.01609281]   [13570.23222853]   [13711.24832134]   [9046.82148569]
[335.]     [140.36504946]   [13572.47074284]   [13712.8357923]   [9048.31382856]
[336.]     [138.42256404]   [26924.93524231]   [27063.35780635]   [17949.95682821]
[337.]     [135.75280051]   [53618.05058228]   [53753.80338279]   [35745.36705485]
[338.]     [134.18757054]   [53618.27768185]   [53752.46525239]   [35745.51845457]
[339.]     [134.82935364]   [26918.83419157]   [27053.66354521]   [17945.88946105]
[340.]     [136.82924385]   [53609.50702016]   [53746.33626402]   [35739.67134678]
[341.]     [138.3034648]   [40277.69006336]   [40415.99352816]   [26851.79337557]
[342.]     [138.65384271]   [169.9710952]   [308.6249379]   [113.31406346]
[343.]     [138.27371745]   [26842.96899547]   [26981.24271292]   [17895.31266365]
[344.]     [137.48250538]   [53603.79921489]   [53741.28172027]   [35735.86614326]
[345.]     [136.61677616]   [53596.77392847]   [53733.39070463]   [35731.18261898]
[346.]     [136.25843963]   [26882.05759145]   [27018.31603108]   [17921.37172764]
[347.]     [136.22277231]   [26920.85020881]   [27057.07298112]   [17947.23347254]
[348.]     [136.44500846]   [53505.41773533]   [53641.86274379]   [35670.27849022]
[349.]     [137.02728928]   [26823.06538666]   [26960.09267594]   [17882.04359111]
[350.]     [137.05172929]   [40366.33298498]   [40503.38471427]   [26910.88865665]
[351.]     [135.97378141]   [80282.22500134]   [80418.19878275]   [53521.48333422]
[352.]     [134.74228162]   [66892.45095252]   [67027.19323414]   [44594.96730168]
[353.]     [134.53655951]   [53675.41677571]   [53809.95333522]   [35783.61118381]
[354.]     [135.65545557]   [40145.86998063]   [40281.5254362]   [26763.91332042]
[355.]     [137.32346264]   [40108.4156591]   [40245.73912174]   [26738.94377273]
[356.]     [138.57164707]   [53525.30082065]   [53663.87246772]   [35683.53388044]
[357.]     [139.18244201]   [53667.63714185]   [53806.81958386]   [35778.42476123]
[358.]     [139.39564922]   [66887.34246085]   [67026.73811007]   [44591.56164057]
[359.]     [139.51242574]   [66707.27102563]   [66846.78345137]   [44471.51401709]
[360.]     [139.32615413]   [40146.89451823]   [40286.22067236]   [26764.59634549]
[361.]     [138.76911921]   [53771.74447917]   [53910.51359838]   [35847.82965278]
[362.]     [138.20759346]   [93801.13315415]   [93939.3407476]   [62534.08876943]
[363.]     [138.01250764]   [80248.53832586]   [80386.5508335]   [53499.02555057]
[364.]     [138.57609812]   [40137.17208913]   [40275.74818725]   [26758.11472609]
[365.]     [139.52942459]   [40228.67169232]   [40368.20111692]   [26819.11446155]
[366.]     [139.82454617]   [80346.54383041]   [80486.36837658]   [53564.3625536]
[367.]     [139.3461468]   [93676.4390593]   [93815.7852061]   [62450.95937287]
[368.]     [138.569965]   [93555.90310042]   [93694.47306542]   [62370.60206695]
[369.]     [137.02673401]   [80337.87434299]   [80474.90107699]   [53558.58289533]
[370.]     [134.79949947]   [27015.42588213]   [27150.2253816]   [18010.28392142]
[371.]     [132.58847355]   [26866.64854774]   [26999.23702129]   [17911.09903183]
[372.]     [130.82392417]   [66851.05191332]   [66981.87583749]   [44567.36794221]
[373.]     [129.86320739]   [53582.77878416]   [53712.64199156]   [35721.85252278]
[374.]     [129.96548232]   [26924.75394329]   [27054.71942561]   [17949.83596219]
[375.]     [130.82651145]   [40259.66266492]   [40390.48917636]   [26839.77510994]
[376.]     [132.07688238]   [26914.26767621]   [27046.34455859]   [17942.84511747]
[377.]     [133.80233712]   [13367.32490543]   [13501.12724254]   [8911.54993695]
[378.]     [135.99077436]   [40202.51154265]   [40338.50231701]   [26801.67436176]
[379.]     [138.22648027]   [53731.23404255]   [53869.46052283]   [35820.82269504]
[380.]     [139.57768131]   [40274.16682347]   [40413.74450477]   [26849.44454898]
[381.]     [138.84472081]   [40385.39166984]   [40524.23639065]   [26923.59444656]
[382.]     [136.33375906]   [40340.51417865]   [40476.84793771]   [26893.6761191]
[383.]     [134.18771742]   [13517.28737451]   [13651.47509194]   [9011.52491634]
[384.]     [133.87381]   [53577.06970348]   [53710.94351348]   [35718.04646899]
[385.]     [134.86246627]   [66976.32848878]   [67111.19095506]   [44650.88565919]
[386.]     [135.70830062]   [13580.18938008]   [13715.8976807]   [9053.45958672]
[387.]     [135.7643521]   [26881.4855313]   [27017.24988339]   [17920.9903542]
[388.]     [135.22820406]   [40162.08095551]   [40297.30915957]   [26774.72063701]
[389.]     [134.45905097]   [53421.56574749]   [53556.02479845]   [35614.37716499]
[390.]     [133.70960134]   [53454.86235663]   [53588.57195796]   [35636.57490442]
[391.]     [133.44060003]   [53600.26212318]   [53733.70272321]   [35733.50808212]
[392.]     [134.00361168]   [53621.64587759]   [53755.64948928]   [35747.7639184]
[393.]     [134.91834831]   [53486.09409507]   [53621.01244338]   [35657.39606338]
[394.]     [135.72882515]   [40162.73297747]   [40298.46180262]   [26775.15531831]
[395.]     [136.54600114]   [13551.16753065]   [13687.71353179]   [9034.1116871]
[396.]     [137.29540057]   [40033.29809728]   [40170.59349785]   [26688.86539819]
[397.]     [137.70557728]   [53322.95014533]   [53460.65572261]   [35548.63343022]
[398.]     [137.57806052]   [26859.57356811]   [26997.15162864]   [17906.38237874]
[399.]     [136.31773535]   [40313.63270632]   [40449.95044167]   [26875.75513755]
[400.]     [133.50956132]   [53611.73778119]   [53745.24734251]   [35741.15852079]
[401.]     [130.14249904]   [26898.65991356]   [27028.8024126]   [17932.43994237]
[402.]     [127.76939165]   [13613.50344413]   [13741.27283578]   [9075.66896275]
[403.]     [127.11100507]   [181.4021845]   [308.51318957]   [120.93478966]
[404.]     [128.14670107]   [13577.56883618]   [13705.71553725]   [9051.71255745]
[405.]     [130.46130064]   [26845.36869705]   [26975.82999769]   [17896.9124647]
[406.]     [133.30147894]   [53528.11519695]   [53661.41667589]   [35685.4101313]
[407.]     [135.94930029]   [66854.80001801]   [66990.7493183]   [44569.86667867]
[408.]     [137.77429076]   [66922.79249291]   [67060.56678366]   [44615.19499527]
[409.]     [138.06348129]   [66945.77087736]   [67083.83435865]   [44630.51391824]
[410.]     [136.54903456]   [40202.76242377]   [40339.31145833]   [26801.84161585]
[411.]     [134.43947127]   [26945.07240546]   [27079.51187673]   [17963.38160364]
[412.]     [132.89777143]   [26913.0444562]   [27045.94222763]   [17942.02963747]
[413.]     [132.4190066]   [40314.4685137]   [40446.8875203]   [26876.31234247]
[414.]     [132.81514893]   [67131.387486]   [67264.20263493]   [44754.258324]
[415.]     [133.30929523]   [53613.12322156]   [53746.4325168]   [35742.08214771]
[416.]     [133.3346991]   [26780.57841435]   [26913.91311345]   [17853.7189429]
[417.]     [132.80632932]   [53492.62371084]   [53625.43004017]   [35661.74914056]
[418.]     [132.25846351]   [53593.573129]   [53725.83159251]   [35729.04875267]
[419.]     [132.51502304]   [93435.1714372]   [93567.68646025]   [62290.11429147]
[420.]     [133.94358888]   [106663.28013889]   [106797.22372777]   [71108.85342593]
[421.]     [136.31778455]   [53337.70155473]   [53474.01933928]   [35558.46770316]
[422.]     [139.18148323]   [26698.45471931]   [26837.63620255]   [17798.96981288]
[423.]     [141.57006821]   [13551.02188726]   [13692.59195547]   [9034.01459151]
[424.]     [141.51350609]   [40139.04221007]   [40280.55571617]   [26759.36147338]
[425.]     [138.57052682]   [66893.6275913]   [67032.19811812]   [44595.75172753]
[426.]     [135.48926546]   [53713.87199147]   [53849.36125693]   [35809.24799431]
[427.]     [134.73748441]   [66921.56907546]   [67056.30655987]   [44614.37938364]
[428.]     [136.08041939]   [93558.76713073]   [93694.84755012]   [62372.51142049]
[429.]     [137.37803877]   [53613.7494409]   [53751.12747967]   [35742.49962727]
[430.]     [137.6457001]   [53591.74973737]   [53729.39543747]   [35727.83315825]
[431.]     [137.54265608]   [53618.5466919]   [53756.08934798]   [35745.6977946]
[432.]     [137.134159]   [40241.60493153]   [40378.73909053]   [26827.73662102]
[433.]     [136.17956826]   [40246.15833082]   [40382.33789908]   [26830.77222055]
[434.]     [134.9973801]   [40242.35903668]   [40377.35641678]   [26828.23935778]
[435.]     [134.10751975]   [40190.07527034]   [40324.18279009]   [26793.38351356]
[436.]     [134.41360384]   [40278.08817603]   [40412.50177987]   [26852.05878402]
[437.]     [135.83018103]   [66830.77444311]   [66966.60462414]   [44553.84962874]
[438.]     [136.68510616]   [93479.70407671]   [93616.38918287]   [62319.80271781]
[439.]     [136.50487677]   [80203.7178252]   [80340.22270197]   [53469.1452168]
[440.]     [136.46236989]   [40229.81551314]   [40366.27788303]   [26819.87700876]
[441.]     [136.93413836]   [40330.57826827]   [40467.51240664]   [26887.05217885]
[442.]     [137.55534138]   [26942.15183136]   [27079.70717274]   [17961.43455424]
[443.]     [137.95273655]   [13477.884226]   [13615.83696255]   [8985.25615067]
[444.]     [138.36636553]   [13467.65223849]   [13606.01860403]   [8978.43482566]
[445.]     [139.1365114]   [13574.24699702]   [13713.38350842]   [9049.49799801]
[446.]     [139.85151047]   [53508.42669693]   [53648.27820741]   [35672.28446462]
[447.]     [139.82130191]   [40091.40730534]   [40231.22860725]   [26727.60487022]
[448.]     [139.20117798]   [40244.45109343]   [40383.65227141]   [26829.63406229]
[449.]     [138.22492156]   [66864.00123628]   [67002.22615784]   [44576.00082419]
[450.]     [136.19006694]   [80062.85556424]   [80199.04563118]   [53375.23704283]
[451.]     [132.86836536]   [53437.10726237]   [53569.97562774]   [35624.73817492]
[452.]     [129.77434756]   [13575.21620007]   [13704.99054763]   [9050.14413338]
[453.]     [128.20748449]   [26989.41887321]   [27117.6263577]   [17992.94591547]
[454.]     [128.417517]   [40349.38458637]   [40477.80210336]   [26899.58972424]
[455.]     [129.97142013]   [53751.7891178]   [53881.76053793]   [35834.52607854]
[456.]     [132.38834006]   [53676.75326931]   [53809.14160937]   [35784.50217954]
[457.]     [135.37069822]   [66954.36588728]   [67089.7365855]   [44636.24392485]
[458.]     [138.27037572]   [53622.15833145]   [53760.42870717]   [35748.1055543]
[459.]     [140.03227091]   [53585.23540414]   [53725.26767504]   [35723.49026942]
[460.]     [140.24128664]   [80273.89132189]   [80414.13260853]   [53515.92754793]
[461.]     [139.50876869]   [80162.98665851]   [80302.4954272]   [53441.99110568]
[462.]     [138.5965425]   [53534.37693724]   [53672.97347974]   [35689.58462483]
[463.]     [137.84160166]   [40065.770004]   [40203.61160567]   [26710.513336]
[464.]     [137.45850854]   [66784.49024369]   [66921.94875223]   [44522.99349579]
[465.]     [137.52957115]   [53575.2283692]   [53712.75794035]   [35716.8189128]
[466.]     [137.1832167]   [53464.07565505]   [53601.25887176]   [35642.71710337]
[467.]     [136.19284625]   [53329.41834587]   [53465.61119212]   [35552.94556391]
[468.]     [135.71279449]   [53376.27723387]   [53511.99002835]   [35584.18482258]
[469.]     [136.5054572]   [53504.65424115]   [53641.15969835]   [35669.7694941]
[470.]     [138.09652867]   [26974.51331503]   [27112.6098437]   [17983.00887669]
[471.]     [139.61453757]   [53606.25918299]   [53745.87372056]   [35737.50612199]
[472.]     [141.13282313]   [40189.22963666]   [40330.36245979]   [26792.81975778]
[473.]     [142.39039359]   [13461.69797555]   [13604.08836914]   [8974.46531703]
[474.]     [142.32122592]   [40073.06053659]   [40215.38176251]   [26715.37369106]
[475.]     [140.52314779]   [80059.52321224]   [80200.04636002]   [53373.01547482]
[476.]     [137.6108158]   [66792.74189236]   [66930.35270816]   [44528.49459491]
[477.]     [134.72661878]   [13555.72644254]   [13690.45306132]   [9037.15096169]
[478.]     [132.84807386]   [13579.28823333]   [13712.1363072]   [9052.85882222]
[479.]     [131.91928806]   [66923.26722472]   [67055.18651278]   [44615.51148314]
[480.]     [131.52975641]   [93513.13529327]   [93644.66504969]   [62342.09019552]
[481.]     [131.44398234]   [66963.99126023]   [67095.43524257]   [44642.66084015]
[482.]     [132.11196572]   [40280.89796718]   [40413.0099329]   [26853.93197812]
[483.]     [133.58896945]   [93547.84146919]   [93681.43043863]   [62365.22764612]
[484.]     [134.85117536]   [93592.58550153]   [93727.43667689]   [62395.05700102]
[485.]     [135.07480971]   [40262.04450922]   [40397.11931894]   [26841.36300615]
[486.]     [133.81347307]   [53596.57686474]   [53730.3903378]   [35731.05124316]
[487.]     [131.71507453]   [53548.00399835]   [53679.71907287]   [35698.66933223]
[488.]     [130.77235074]   [26865.72576866]   [26996.49811939]   [17910.48384577]
[489.]     [131.96735313]   [26958.53946788]   [27090.50682101]   [17972.35964525]
[490.]     [134.82547619]   [40355.36945346]   [40490.19492965]   [26903.57963564]
[491.]     [138.66703412]   [13567.64866583]   [13706.31569996]   [9045.09911055]
[492.]     [142.30111325]   [26905.95732215]   [27048.25843541]   [17937.30488144]
[493.]     [144.09293339]   [40206.36537303]   [40350.45830643]   [26804.24358202]
[494.]     [143.82205525]   [53550.98596806]   [53694.80802331]   [35700.65731204]
[495.]     [142.79831028]   [66979.68567512]   [67122.4839854]   [44653.12378342]
[496.]     [142.11280948]   [40248.31890491]   [40390.43171439]   [26832.21260327]
[497.]     [142.17339421]   [26868.28259722]   [27010.45599143]   [17912.18839815]
[498.]     [142.45205523]   [26873.60917504]   [27016.06123027]   [17915.73945003]
[499.]     [141.70807511]   [13524.525807]   [13666.2338821]   [9016.350538]
